-57320031
92270054
-91590075
12630008
960032
60280010
9580032
55880092
-31670021
-84900093
10170068
610026
-4230005
-83640051
9580078
-13080031
-20660037
-16790049
-84440095
55810096
5740018
84980092
-58380009
-25790065
8750042
-65520091
-69930053
-38040063
-88660055
91920046
51530086
24400010
-14670027
-27500093
-85830071
37300008
44090066
99090020
-4860081
-41090009
-77060019
-41970007
-72950099
-31760097
33290044
53790058
12500088
82610010
-88930065
-93700009
-7030081
-56390055
-62680005
-79930083
70720072
-22360045
-62230073
36820082
77960002
88580082
24770006
-36000045
80720042
-7270013
-17550027
-80600059
-64780067
-72070067
-77440081
-56050005
83060002
-60510017
31600038
-13240067
32020018
-74970063
-18950063
-73580071
49850066
-5350055
-43990045
4640012
-53570039
86000068
56560056
-51890053
-2120027
78530056
-4700003
13240084
-15360039
-110075
-30420017
-8010071
46700014
-43510065
53280028
61080010
84010068
-87200075
26910072
-98370035
-93610031
-14420087
59770036
-85350029
-58340089
-32910011
8930054
59680058
-3500073
31090098
27430034
-96380073
-16820061
52080056
-95220055
-22320001
-83950035
-93580093
27260054
-46290075
-52070089
57270022
-62930073
89510052
57970058
-64820063
-45370073
25220056
45880092
44420074
26920048
57060004
-49760085
-11660011
-6910055
19330066
-20790093
16810014
-97760021
92610008
-8550023
1100060
-72340067
24120060
25770028
43010050
-94980039
-4150043
83720034
41180004
-40100089
-95980053
21830090
-25510051
15730000
15230030
-59190047
39050016
25840058
-10160057
-61270009
-14010091
-3380035
-44020051
-28630031
-24890061
-65140087
-29490065
-90340065
1720090
-60790021
-71960023
46890046
65150044
-65010001
62250094
-45550067
38610066
63660058
-63560043
60440022
20610090
89610092
-13790033
94570000
-61800043
73800048
-83800003
86510000
-53220051
-45870063
-72200055
77230038
-57700067
-18360011
-17910001
-15830053
45870094
35080070
49240098
-63520017
-54140013
-64900093
-50610057
-81270089
64500034
38490002
-93650005
32760054
-27210073
17580014
-68750085
-81660071
-5550029
3020064
-59770043
4010094
-14550093
58230048
12890014
-12220057
-75200081
-37480017
48470044
-77000015
18090092
70110036
45940028
-60810019
-19600081
53560066
-20500089
-55990081
93830002
-57800025
-530045
-93540049
48920066
79110060
-37390047
-80230085
-16300053
-9280027
85890002
-78720007
-95290055
26730052
57750032
-92470093
-57800081
-53970049
-28750027
-44830071
36660096
-24190031
-39970099
-62920061
12220044
93060052
3810022
49180078
82570082
21220046
-49040075
19580042
87300030
6360026
2210044
46470036
-32040093
19910046
31660056
-89240037
66580008
-38030063
-55550077
19150040
35830048
15630024
23060062
21300040
67590004
-26840045
-93820019
-56640049
88450010
-65670001
66780080
-45870011
55070046
-13080089
58730058
-85700033
-7410033
2520038
-4430079
-42310063
81930016
-41260015
27640052
66640084
18940050
74860012
23170014
-80250073
-85510085
28700008
99210006
-34320029
81760074
43750028
-24250015
-32800023
-45600005
17090054
-6640085
-28500011
34590014
-85440039
2240032
-45260017
8350042
92290086
-14050029
28320000
-30630095
70460014
-64810073
76020060
-16600031
46410000
-57310027
99740036
-23210089
-49370063
-39530023
-54570001
-61450089
-52910065
74480042
91770050
-23800079
-38350033
-4280055
60710050
40260016
-90540071
-57320037
-88020029
70620088
43170074
38810078
-99630083
-97640089
-28910039
-92280037
-54150047
80160002
-17140035
-27380077
-8700065
94010066
-52470069
63190004
-17050093
-94660047
-57380017
82730066
32640086
-1850099
63190018
-58120047
-50470027
16540030
45800054
87020060
-74950077
-53210081
-32110045
-99720035
16020092
-55870025
-34740085
77460062
-83650029
1710062
12660092
13830044
-48810091
-9530017
15550040
42620000
-92210059
25350054
98670062
25790004
-64280029
74520074
4320016
-8020047
15780002
67450050
3510068
-7760007
-78000037
-78360007
-48660091
4810064
-81630013
5240032
62950006
-68600059
57190070
85880036
47460000
10640044
52940056
-73780021
86520070
-28850089
89390098
-74340041
-2520021
-7750029
-42190009
-58040053
60370036
-89440093
67990046
12590008
31800044
17420082
-24440011
-38050093
54060002
-72530085
-78030039
91460042
65640060
36820078
-5950081
80960046
67980068
17850038
-75310053
-92330081
-77210099
-11690001
-37470051
92640006
40180052
85410064
61500022
83420000
-6330019
28550068
-82830063
-58590065
4430062
-62270029
-90940087
50120032
-17560071
10880008
59930060
-57290061
31150088
37670066
-45750009
18940084
79310094
43060066
-98740053
45840054
40670030
-82260015
-87390045
98390036
-11300011
700024
92840018
11480078
99560062
78350042
-42240095
9410064
63810092
-46940041
-29790017
-2030013
33900064
88620048
-14990085
-36900019
-3220087
18040040
15030042
49710004
