-96850041
71820068
80490000
10540066
-95640025
-78280021
-24730015
20300038
-7330019
79410088
64780008
84010008
3910040
-96390019
27980026
-87780073
65240060
-41750017
9080092
-82880041
-27460085
29490034
-20010041
-57050099
6510064
-39210035
63500076
67790096
-45410047
-69880055
43580028
-33790057
-57880053
-7040019
-48770009
-22540089
-2350001
-20340063
-93290097
95980092
69210024
12540074
-22760071
-24730095
85520054
-9590071
86210068
-71010049
63020010
70410098
-12960097
84710060
-12450031
-69370043
83740062
40540006
-11640019
-26330043
10600070
60860056
-80560039
-66870065
-68740037
17570094
-97240085
-60011
-41350025
-53900081
-16500001
43640038
-77970041
95940040
78380040
62470046
-76590001
-11560015
53420012
-86240071
23880016
-10390015
-5410071
-29790037
-48710081
33430024
18590076
-37480045
54760022
13740074
-14640049
96020042
45400044
75700048
-72380091
-67130077
-48850069
43400012
-88420095
-65350021
41980004
660006
-51180023
-83120015
-29750045
91990032
49300008
-29320091
6220066
9130080
61680094
-46920001
5330080
46330066
-75460091
-60990065
92580024
7010022
85600080
95380000
38360006
-2730015
39530086
-2640077
-57460089
31210074
1540042
-45520025
2470088
5940068
-24040061
-70600007
-8790019
77980076
-83310053
-99320009
80510052
64470038
43200050
-94110049
-210083
-18260047
520026
-20780057
31000082
100054
20040042
-13610071
18730090
2500056
-44660051
-57870081
48290084
-69750025
74160010
64440014
-17200045
-10100085
67860044
-13100031
-84360043
-80760037
32920010
-19700047
-97920089
-54220055
70700022
44230084
53580090
-57530045
2190040
84600008
-38540087
-3560059
96380090
-73140081
-37550033
1540076
-5180009
-1110021
-3420091
97850016
90790014
-14160015
17460010
-40850013
-70180021
8140032
58890008
86590014
-51980001
17080098
13030000
-34870039
-7660019
-8000037
67470022
44540024
62620046
-61340093
80830072
-51500021
-32200001
-81820009
65030094
93520008
-11800081
-16070003
97790018
27210078
-94820059
-740033
3780092
7160074
27510044
34360006
4350088
50640074
15430032
-51990095
-8240019
-88080043
26050070
-23820079
-70910009
43830050
49420014
-22320015
1200070
44980042
72170062
75010066
-85590025
-18190087
2970038
58230006
59650040
25100002
860012
59600002
-76030083
6940062
54940044
25950010
85450040
63690016
-22200065
52360014
14210036
52840052
33940042
-22710019
-27180005
61130074
98400086
52900012
48890002
-2300027
-50820041
-2720011
1990042
-15380025
-48620017
-1040053
-27370093
10270010
48100042
-77810005
-10940009
-99120033
-53800009
15790074
-45070015
-17320007
-4800069
-26330069
60850000
81540080
-6050053
38270048
16110024
9680008
41200032
-66180033
58480074
-16090059
-85870069
-70640083
-56990025
85850008
-40640059
80720032
-8860057
-34720069
-49790011
-91480021
74240072
71920042
9660016
13030062
26540002
7850078
69350022
-49980095
69220022
15790014
55110048
87700044
95640014
-93950089
-18760033
26000062
-32370071
-19590053
33560032
81490084
19330018
71890096
52060092
-24280095
58490080
-61490051
-83880045
79320074
-24670087
-7550019
52590028
-62120019
-13320039
-11100055
-21260087
-44900083
22610002
24470096
65410010
18930062
21300028
-23660061
-80390087
-14940021
74590016
42690080
19180012
85650066
-32050049
-17160047
54180024
86870004
24890050
-11220071
-13850041
97220004
63410082
4770096
-9310057
-2390045
-60820089
12860006
42470068
-37340045
-40340057
71970034
25000092
73560022
-51510045
-41250027
-40740053
87970054
37960042
53680050
36050070
-21510035
-18630085
-5690007
74680050
51130020
65110042
83770002
-99430039
9050074
-19980093
53010082
7180054
-19630011
-62660095
-10370033
-81940077
45310006
-20150033
55200042
68710080
-88260017
14800002
34860014
-26790021
35300086
57040048
31360064
13200016
-13860099
-19670051
71840028
-96640099
-57030071
-57270017
24740076
-61120087
20180094
-72970087
53990078
-84770025
21560088
-19760023
7590048
-4200019
-74910071
10980004
53840068
58170028
67220000
-14060041
13530024
-16760099
11570066
60030070
-43930047
-24050081
74970032
19190046
87070050
81580042
89590042
-30710099
18550028
72860060
-7270063
-11430061
5420074
1180016
26720082
-60890039
26250020
-34240047
95850064
13780000
21540002
57950038
10280088
82220072
2200092
75360022
-35840087
17760052
47730030
-35900073
-23120045
80260006
-79510037
22700060
56510062
-26490055
-9190077
-63730027
-71930045
16270074
-87460029
83950020
-77160029
65910012
-17130005
98410044
-13190091
14990098
-18090087
35680052
-50130097
-100033
22270094
-40550001
19730014
-3460015
-31010045
17580020
10340076
-25580055
81450058
-39220003
2550048
-26460037
-85750069
64850098
24770002
-86590011
-34730085
-58420051
53840054
-68290085
36010030
-68260031
52470072
13970018
10180026
